1.000000000000000056e-01 1.446440645684255566e+00
1.000000000000000000e+00 1.417714705474965697e+00
2.000000000000000111e-01 1.493484784868132964e+00
1.000000000000000056e-01 2.264442320130413577e+00
1.000000000000000000e+00 2.187196808679529703e+00
2.000000000000000111e-01 2.441158409008574726e+00
1.000000000000000056e-01 1.390835269564914967e+01
1.000000000000000000e+00 1.377281635452100694e+01
2.000000000000000111e-01 1.383057238693766067e+01
1.000000000000000056e-01 1.372364295045020377e+01
2.000000000000000111e-01 1.414651948811897952e+01
3.000000000000000444e-01 1.371584836666452212e+01
4.000000000000000222e-01 1.366440023232097722e+01
5.000000000000000000e-01 1.413509883351485108e+01
5.999999999999999778e-01 1.371193178278801561e+01
7.000000000000000666e-01 1.400202414082715308e+01
8.000000000000000444e-01 1.348410314035822033e+01
9.000000000000000222e-01 1.394484376151963190e+01
1.000000000000000056e-01 2.163320028181426213e+00
2.000000000000000111e-01 1.883034168484336135e+00
3.000000000000000444e-01 2.369690653982979622e+00
4.000000000000000222e-01 2.459376299377769470e+00
5.000000000000000000e-01 2.508501916824838585e+00
5.999999999999999778e-01 2.364536607123817635e+00
7.000000000000000666e-01 2.404066798983405029e+00
8.000000000000000444e-01 2.493123574390762709e+00
9.000000000000000222e-01 2.216372016805833400e+00
1.000000000000000056e-01 2.431335538709095356e+00
2.000000000000000111e-01 2.271736338413254508e+00
3.000000000000000444e-01 2.324311696332354238e+00
4.000000000000000222e-01 2.436461102510523613e+00
5.000000000000000000e-01 2.257956950833161169e+00
5.999999999999999778e-01 2.309070498190453069e+00
7.000000000000000666e-01 2.237892254780888379e+00
8.000000000000000444e-01 2.268558414317233041e+00
9.000000000000000222e-01 1.998163100892160982e+00
1.000000000000000056e-01 2.389339015986225334e+00
2.000000000000000111e-01 2.321647563523649094e+00
3.000000000000000444e-01 2.518726405355629971e+00
4.000000000000000222e-01 2.505812044718794596e+00
5.000000000000000000e-01 2.349108231061994179e+00
5.999999999999999778e-01 2.237063939659746925e+00
7.000000000000000666e-01 2.256539876710066839e+00
8.000000000000000444e-01 2.300473585843065383e+00
9.000000000000000222e-01 2.178403954948988641e+00
1.000000000000000056e-01 1.952059666186665376e+00
2.000000000000000111e-01 2.274863258773981656e+00
3.000000000000000444e-01 2.289112032461042556e+00
4.000000000000000222e-01 2.025838778179934518e+00
5.000000000000000000e-01 2.320017216844180830e+00
5.999999999999999778e-01 2.213906462893522331e+00
7.000000000000000666e-01 2.447632800630952232e+00
8.000000000000000444e-01 2.345208033244118528e+00
9.000000000000000222e-01 2.503890944954894060e+00
1.000000000000000056e-01 1.986075348454301670e+00
2.000000000000000111e-01 2.011517469153881965e+00
3.000000000000000444e-01 2.505788624071817239e+00
4.000000000000000222e-01 2.499423760069467981e+00
5.000000000000000000e-01 1.984474946708306931e+00
5.999999999999999778e-01 2.258315041101787379e+00
7.000000000000000666e-01 2.340989772768197419e+00
8.000000000000000444e-01 2.206387910307801459e+00
9.000000000000000222e-01 2.228822168794778236e+00
1.000000000000000056e-01 4.297701776722438360e+00
2.000000000000000111e-01 3.898916943355233755e+00
3.000000000000000444e-01 3.860076364665583348e+00
4.000000000000000222e-01 4.882047945346238649e+00
5.000000000000000000e-01 4.752453575284783405e+00
5.999999999999999778e-01 4.212680105284007936e+00
7.000000000000000666e-01 4.653184798225244556e+00
8.000000000000000444e-01 4.006706357562649146e+00
9.000000000000000222e-01 3.945281543393431178e+00
1.000000000000000056e-01 3.781498964068628510e+00
2.000000000000000111e-01 4.310197201034044134e+00
3.000000000000000444e-01 3.686660831498500990e+00
4.000000000000000222e-01 3.427294519026037101e+00
5.000000000000000000e-01 4.361960773762564081e+00
5.999999999999999778e-01 3.910398250808476917e+00
7.000000000000000666e-01 3.637983767191374174e+00
8.000000000000000444e-01 3.735763917005870738e+00
9.000000000000000222e-01 4.139736928880080491e+00
1.000000000000000056e-01 1.169338203134370202e+00
2.000000000000000111e-01 1.065984090242946269e+00
3.000000000000000444e-01 1.094799321104141132e+00
4.000000000000000222e-01 1.174985528384555611e+00
5.000000000000000000e-01 1.065646716386920545e+00
5.999999999999999778e-01 1.228758012015667589e+00
7.000000000000000666e-01 1.126867425078921459e+00
8.000000000000000444e-01 1.205614410364786560e+00
9.000000000000000222e-01 9.383267509071520074e-01
1.000000000000000056e-01 1.543101335443085809e+01
2.000000000000000111e-01 1.641263680864342334e+01
3.000000000000000444e-01 1.457412456993804994e+01
4.000000000000000222e-01 1.561543195041245191e+01
5.000000000000000000e-01 1.432139074474653739e+01
5.999999999999999778e-01 1.588908609781827508e+01
7.000000000000000666e-01 1.457633340131549637e+01
8.000000000000000444e-01 1.345081255171145251e+01
9.000000000000000222e-01 1.535090675148269490e+01
1.000000000000000056e-01 1.966584766216643843e+01
2.000000000000000111e-01 2.168004173921761080e+01
3.000000000000000444e-01 2.065196569953909744e+01
4.000000000000000222e-01 2.334741061916032834e+01
5.000000000000000000e-01 2.306213838844862707e+01
5.999999999999999778e-01 2.393138989830869079e+01
7.000000000000000666e-01 1.754575075359539227e+01
8.000000000000000444e-01 1.776408594145146935e+01
9.000000000000000222e-01 2.250942362159909038e+01
