1.000000000000000056e-01 1.992143582955528958e-01
1.000000000000000000e+00 1.993637091192139721e-01
2.000000000000000111e-01 1.993674203678462986e-01
1.000000000000000056e-01 1.992775796771761310e-01
1.000000000000000000e+00 1.993332092072001294e-01
2.000000000000000111e-01 1.992297019649842404e-01
1.000000000000000056e-01 1.997917521755783188e-01
1.000000000000000000e+00 1.997027678372008397e-01
2.000000000000000111e-01 1.994827272141358188e-01
1.000000000000000056e-01 1.997878825819865145e-01
2.000000000000000111e-01 1.996429196065104272e-01
3.000000000000000444e-01 1.996810446055388155e-01
4.000000000000000222e-01 1.996019729928613651e-01
5.000000000000000000e-01 1.995599745161186767e-01
5.999999999999999778e-01 1.996973421663610915e-01
7.000000000000000666e-01 1.998176671678283944e-01
8.000000000000000444e-01 1.995953947437830722e-01
9.000000000000000222e-01 1.996194906571162886e-01
1.000000000000000056e-01 1.993211643649578368e-01
2.000000000000000111e-01 1.993774909177228050e-01
3.000000000000000444e-01 1.992412531857491176e-01
4.000000000000000222e-01 1.992383817846162808e-01
5.000000000000000000e-01 1.992608681663192438e-01
5.999999999999999778e-01 1.992520220155248323e-01
7.000000000000000666e-01 1.992584360096061602e-01
8.000000000000000444e-01 1.991540986496176946e-01
9.000000000000000222e-01 1.993112037210694187e-01
1.000000000000000056e-01 1.992998085736574776e-01
2.000000000000000111e-01 1.993211946296991333e-01
3.000000000000000444e-01 1.993643388789236304e-01
4.000000000000000222e-01 1.992281021267182373e-01
5.000000000000000000e-01 1.992881439516503983e-01
5.999999999999999778e-01 1.993111103435247500e-01
7.000000000000000666e-01 1.993613865553580944e-01
8.000000000000000444e-01 1.992525662671429665e-01
9.000000000000000222e-01 1.994533427151254645e-01
1.000000000000000056e-01 1.641701009927397648e-01
2.000000000000000111e-01 1.639742254388403264e-01
3.000000000000000444e-01 1.643827830300528259e-01
4.000000000000000222e-01 1.626698329960817868e-01
5.000000000000000000e-01 1.638609034105104334e-01
5.999999999999999778e-01 1.645209964117299584e-01
7.000000000000000666e-01 1.668627752640761408e-01
8.000000000000000444e-01 1.665752480032944294e-01
9.000000000000000222e-01 1.672791008255705147e-01
1.000000000000000056e-01 1.698316958114333697e-01
2.000000000000000111e-01 1.672528558161257561e-01
3.000000000000000444e-01 1.677860985959518936e-01
4.000000000000000222e-01 1.674663672062793041e-01
5.000000000000000000e-01 1.706709784417672349e-01
5.999999999999999778e-01 1.671880484500927466e-01
7.000000000000000666e-01 1.642674722714616842e-01
8.000000000000000444e-01 1.657351355840270268e-01
9.000000000000000222e-01 1.622376941641985315e-01
1.000000000000000056e-01 1.712096538464442375e-01
2.000000000000000111e-01 1.715111399934955982e-01
3.000000000000000444e-01 1.615395259290842711e-01
4.000000000000000222e-01 1.603412086060482244e-01
5.000000000000000000e-01 1.719199384766139926e-01
5.999999999999999778e-01 1.670238797018409327e-01
7.000000000000000666e-01 1.645142189286156187e-01
8.000000000000000444e-01 1.657222229937798108e-01
9.000000000000000222e-01 1.664357543011423246e-01
1.000000000000000056e-01 1.591327470603102479e-01
2.000000000000000111e-01 1.526151474330223745e-01
3.000000000000000444e-01 1.609323729552516458e-01
4.000000000000000222e-01 1.616607477924102143e-01
5.000000000000000000e-01 1.559629720724038104e-01
5.999999999999999778e-01 1.624287309257614609e-01
7.000000000000000666e-01 1.588188095531254951e-01
8.000000000000000444e-01 1.599517401476133471e-01
9.000000000000000222e-01 1.676962660728592014e-01
1.000000000000000056e-01 1.678790127551171019e-01
2.000000000000000111e-01 1.641847889733731858e-01
3.000000000000000444e-01 1.615711651816278405e-01
4.000000000000000222e-01 1.638776609969261056e-01
5.000000000000000000e-01 1.645112244396251533e-01
5.999999999999999778e-01 1.637883409333415752e-01
7.000000000000000666e-01 1.717301754321251261e-01
8.000000000000000444e-01 1.626256865567999865e-01
9.000000000000000222e-01 1.703583306148754306e-01
1.000000000000000056e-01 3.080229610720815886e-02
2.000000000000000111e-01 3.043182748827099465e-02
3.000000000000000444e-01 2.884591636185089222e-02
4.000000000000000222e-01 3.309245903235263214e-02
5.000000000000000000e-01 3.026984533995078636e-02
5.999999999999999778e-01 3.249430798235562051e-02
7.000000000000000666e-01 3.545749143211699567e-02
8.000000000000000444e-01 3.553475402857799587e-02
9.000000000000000222e-01 2.751035576957269052e-02
1.000000000000000056e-01 7.107704210088706676e-01
2.000000000000000111e-01 7.075974968500216011e-01
3.000000000000000444e-01 7.150258199035650630e-01
4.000000000000000222e-01 7.128139843282307320e-01
5.000000000000000000e-01 7.184961232181378277e-01
5.999999999999999778e-01 7.077537305131897938e-01
7.000000000000000666e-01 7.141678798676243112e-01
8.000000000000000444e-01 7.231475475915981610e-01
9.000000000000000222e-01 7.138794905353030851e-01
1.000000000000000056e-01 1.048045181652225821e+00
2.000000000000000111e-01 1.040165337222646480e+00
3.000000000000000444e-01 1.046232315711158822e+00
4.000000000000000222e-01 1.031488767690680097e+00
5.000000000000000000e-01 1.033129524371060981e+00
5.999999999999999778e-01 1.026319351163875959e+00
7.000000000000000666e-01 1.055156090823817561e+00
8.000000000000000444e-01 1.056756131414432032e+00
9.000000000000000222e-01 1.032992819607164048e+00
