1.000000000000000000e+00 7.902566138351438951e-01
1.300000000000000044e+00 1.203732700643066478e+00
1.600000000000000089e+00 1.645739456675792800e+00
1.900000000000000133e+00 1.961262907074772022e+00
2.200000000000000178e+00 2.679181091528493042e+00
2.500000000000000000e+00 3.330219352099745400e+00
2.800000000000000266e+00 3.967338754460693284e+00
3.100000000000000533e+00 4.051841783966462884e+00
3.400000000000000355e+00 4.900226985601532803e+00
1.500000000000000000e+00 1.422900880396898549e+00
2.500000000000000000e+00 3.142570819148143624e+00
