1.000000000000000000e+00 -5.527583319771966153e+00
1.300000000000000044e+00 -5.417327528244564760e+00
1.600000000000000089e+00 -5.307794073305543314e+00
1.900000000000000133e+00 -5.150742419929471794e+00
2.200000000000000178e+00 -5.122253311676053578e+00
2.500000000000000000e+00 -5.067686504573909900e+00
2.800000000000000266e+00 -4.999469024909491743e+00
3.100000000000000533e+00 -4.795695416343297879e+00
3.400000000000000355e+00 -4.780716292624942021e+00
1.500000000000000000e+00 -5.312543274554614392e+00
2.500000000000000000e+00 -5.012084710755943640e+00
