1.000000000000000000e+00 1.500041676504994648e+00
1.300000000000000044e+00 1.950009854487301020e+00
1.600000000000000089e+00 2.399989451527130946e+00
1.900000000000000133e+00 2.849945078509102725e+00
2.200000000000000178e+00 3.299932745451793270e+00
2.500000000000000000e+00 3.749922577440949034e+00
2.800000000000000266e+00 4.199912389463985818e+00
3.100000000000000533e+00 4.649855053214396072e+00
3.400000000000000355e+00 5.099858168101549794e+00
1.500000000000000000e+00 2.249996993890725161e+00
2.500000000000000000e+00 3.749919912868378891e+00
