1.000000000000000000e+00 7.454474800937341827e-01
1.300000000000000044e+00 9.892996299224408041e-01
1.600000000000000089e+00 1.231940327772777621e+00
1.900000000000000133e+00 1.479619884510970484e+00
2.200000000000000178e+00 1.715350508604325919e+00
2.500000000000000000e+00 1.953038271995168440e+00
2.800000000000000266e+00 2.191967039321254251e+00
3.100000000000000533e+00 2.443402441288288873e+00
3.400000000000000355e+00 2.677432386789263319e+00
1.500000000000000000e+00 1.153962627500244142e+00
2.500000000000000000e+00 1.958144516327172679e+00
