1.000000000000000000e+00 2.919691377917726493e-03
1.300000000000000044e+00 1.546676513629097888e-03
1.600000000000000089e+00 9.710995179878189861e-04
1.900000000000000133e+00 7.994731770064825854e-04
2.200000000000000178e+00 5.451597710764693062e-04
2.500000000000000000e+00 5.106571931452364311e-04
2.800000000000000266e+00 3.636514731788223422e-04
3.100000000000000533e+00 4.002452823042463594e-04
3.400000000000000355e+00 3.337174675597979838e-04
1.500000000000000000e+00 1.273017771514606744e-03
2.500000000000000000e+00 5.407172973585047020e-04
